1.500000,0.001000,0.826017,0.555004,4.384715e-03,3.804874e-05
1.500000,0.002000,0.182013,0.549002,3.950932e-03,3.180992e-05
1.500000,0.003000,0.084000,0.594998,3.573496e-03,2.636222e-05
1.500000,0.004000,0.057999,0.548999,3.263960e-03,2.172396e-05
1.500000,0.005000,0.027003,0.670997,3.018437e-03,1.783074e-05
1.500000,0.006000,0.021028,0.559000,2.847681e-03,1.474912e-05
1.500000,0.007000,0.020016,0.564995,2.751000e-03,1.250424e-05
1.500000,0.008000,0.013996,0.561992,2.711501e-03,1.096453e-05
1.500000,0.009000,0.011006,0.551996,2.738297e-03,1.022264e-05
1.500000,0.010000,0.009010,0.659988,2.820744e-03,1.026347e-05
1.500000,0.020000,0.002005,0.559992,6.242601e-03,5.372038e-05
1.500000,0.030000,0.001010,0.563989,1.149265e-02,1.744084e-04
1.500000,0.040000,0.001005,0.539998,1.676213e-02,3.723086e-04
1.500000,0.050000,0.001005,0.650994,2.201027e-02,6.459825e-04
1.500000,0.060000,0.001000,0.561005,2.721760e-02,9.934220e-04
1.500000,0.070000,0.000998,0.573002,3.244231e-02,1.417461e-03
1.500000,0.080000,0.000998,0.562003,3.765267e-02,1.916142e-03
1.500000,0.090000,0.000000,0.649996,4.267034e-02,2.471101e-03
1.500000,0.100000,0.000999,0.555000,4.799466e-02,3.130545e-03
1.500000,0.200000,0.001005,0.548999,9.860769e-02,1.343269e-02
1.500000,0.300000,0.000000,0.558002,1.460919e-01,2.989609e-02
1.500000,0.400000,0.000000,0.671000,1.952087e-01,5.361011e-02
1.500000,0.500000,0.000999,0.571998,2.416022e-01,8.271834e-02
1.500000,0.600000,0.000000,0.553993,2.838766e-01,1.154239e-01
1.500000,0.700000,0.000000,0.646002,3.233246e-01,1.508143e-01
1.500000,0.800000,0.000000,0.563998,3.679329e-01,1.959192e-01
1.500000,0.900000,0.000000,0.679998,4.009941e-01,2.359672e-01
1.500000,1.000000,0.000998,0.585000,4.608443e-01,3.095999e-01
1.500000,0.001000,0.671016,0.522002,4.384715e-03,3.804874e-05
1.500000,0.002000,0.167007,0.542001,3.950932e-03,3.180992e-05
1.500000,0.003000,0.084002,0.630999,3.573496e-03,2.636222e-05
1.500000,0.004000,0.051005,0.532005,3.263960e-03,2.172396e-05
1.500000,0.005000,0.033004,0.547004,3.018437e-03,1.783074e-05
1.500000,0.006000,0.026005,0.540997,2.847681e-03,1.474912e-05
1.500000,0.007000,0.017020,0.549994,2.751000e-03,1.250424e-05
1.500000,0.008000,0.013036,0.544995,2.711501e-03,1.096453e-05
1.500000,0.009000,0.011015,0.638997,2.738297e-03,1.022264e-05
1.500000,0.010000,0.012006,0.539983,2.820744e-03,1.026347e-05
1.500000,0.020000,0.003009,0.617996,6.242601e-03,5.372038e-05
1.500000,0.030000,0.003007,0.557992,1.149265e-02,1.744084e-04
1.500000,0.040000,0.001003,0.642997,1.676213e-02,3.723086e-04
1.500000,0.050000,0.002007,0.562999,2.201027e-02,6.459825e-04
1.500000,0.060000,0.000998,0.543996,2.721760e-02,9.934220e-04
1.500000,0.070000,0.001002,0.550995,3.244231e-02,1.417461e-03
1.500000,0.080000,0.000994,0.637005,3.765267e-02,1.916142e-03
1.500000,0.090000,0.000994,0.542000,4.267034e-02,2.471101e-03
1.500000,0.100000,0.001001,0.534999,4.799466e-02,3.130545e-03
1.500000,0.200000,0.000999,0.643995,9.860769e-02,1.343269e-02
1.500000,0.300000,0.001002,0.543998,1.460919e-01,2.989609e-02
1.500000,0.400000,0.000000,0.561995,1.952087e-01,5.361011e-02
1.500000,0.500000,0.000000,0.538997,2.416022e-01,8.271834e-02
1.500000,0.600000,0.001002,0.571999,2.838766e-01,1.154239e-01
1.500000,0.700000,0.001003,0.535000,3.233246e-01,1.508143e-01
1.500000,0.800000,0.000000,0.566994,3.679329e-01,1.959192e-01
1.500000,0.900000,0.000000,0.641995,4.009941e-01,2.359672e-01
1.500000,1.000000,0.000000,0.564997,4.608443e-01,3.095999e-01
1.500000,0.001000,0.751010,0.633995,4.384715e-03,3.804874e-05
1.500000,0.002000,0.192011,0.517001,3.950932e-03,3.180992e-05
1.500000,0.003000,0.097010,0.534007,3.573496e-03,2.636222e-05
1.500000,0.004000,0.050026,0.535995,3.263960e-03,2.172396e-05
1.500000,0.005000,0.035013,0.545002,3.018437e-03,1.783074e-05
1.500000,0.006000,0.021010,0.626001,2.847681e-03,1.474912e-05
1.500000,0.007000,0.016014,0.582006,2.751000e-03,1.250424e-05
1.500000,0.008000,0.011005,0.597992,2.711501e-03,1.096453e-05
1.500000,0.009000,0.011012,0.583998,2.738297e-03,1.022264e-05
1.500000,0.010000,0.008012,0.687992,2.820744e-03,1.026347e-05
1.500000,0.020000,0.003001,0.551999,6.242601e-03,5.372038e-05
1.500000,0.030000,0.004004,0.826995,1.149265e-02,1.744084e-04
1.500000,0.040000,0.001004,0.647995,1.676213e-02,3.723086e-04
1.500000,0.050000,0.001001,0.677995,2.201027e-02,6.459825e-04
1.500000,0.060000,0.000000,0.538995,2.721760e-02,9.934220e-04
1.500000,0.070000,0.001000,0.541998,3.244231e-02,1.417461e-03
1.500000,0.080000,0.001001,0.533998,3.765267e-02,1.916142e-03
1.500000,0.090000,0.000994,0.631004,4.267034e-02,2.471101e-03
1.500000,0.100000,0.001001,0.546999,4.799466e-02,3.130545e-03
1.500000,0.200000,0.000000,0.548996,9.860769e-02,1.343269e-02
1.500000,0.300000,0.000000,0.617002,1.460919e-01,2.989609e-02
1.500000,0.400000,0.001004,0.529993,1.952087e-01,5.361011e-02
1.500000,0.500000,0.000000,0.548999,2.416022e-01,8.271834e-02
1.500000,0.600000,0.000000,0.621997,2.838766e-01,1.154239e-01
1.500000,0.700000,0.000000,0.535002,3.233246e-01,1.508143e-01
1.500000,0.800000,0.000000,0.550998,3.679329e-01,1.959192e-01
1.500000,0.900000,0.001005,0.552996,4.009941e-01,2.359672e-01
1.500000,1.000000,0.000000,0.537003,4.608443e-01,3.095999e-01
1.500000,0.001000,0.732999,0.482999,4.384715e-03,3.804874e-05
1.500000,0.002000,0.150025,0.474003,3.950932e-03,3.180992e-05
1.500000,0.003000,0.073006,0.472007,3.573496e-03,2.636222e-05
1.500000,0.004000,0.042018,0.483006,3.263960e-03,2.172396e-05
1.500000,0.005000,0.026015,0.471995,3.018437e-03,1.783074e-05
1.500000,0.006000,0.020012,0.484994,2.847681e-03,1.474912e-05
1.500000,0.007000,0.015021,0.478997,2.751000e-03,1.250424e-05
1.500000,0.008000,0.013025,0.470999,2.711501e-03,1.096453e-05
1.500000,0.009000,0.012010,0.588994,2.738297e-03,1.022264e-05
1.500000,0.010000,0.007010,0.479000,2.820744e-03,1.026347e-05
1.500000,0.020000,0.003008,0.697992,6.242601e-03,5.372038e-05
1.500000,0.030000,0.001002,0.567997,1.149265e-02,1.744084e-04
1.500000,0.040000,0.002008,0.519989,1.676213e-02,3.723086e-04
1.500000,0.050000,0.002007,0.510996,2.201027e-02,6.459825e-04
1.500000,0.060000,0.001005,0.600999,2.721760e-02,9.934220e-04
1.500000,0.070000,0.001001,0.528003,3.244231e-02,1.417461e-03
1.500000,0.080000,0.001001,0.511999,3.765267e-02,1.916142e-03
1.500000,0.090000,0.000996,0.518991,4.267034e-02,2.471101e-03
1.500000,0.100000,0.001000,0.627000,4.799466e-02,3.130545e-03
1.500000,0.200000,0.001002,0.524003,9.860769e-02,1.343269e-02
1.500000,0.300000,0.000000,0.506004,1.460919e-01,2.989609e-02
1.500000,0.400000,0.000000,0.518002,1.952087e-01,5.361011e-02
1.500000,0.500000,0.000000,0.588997,2.416022e-01,8.271834e-02
1.500000,0.600000,0.000998,0.520998,2.838766e-01,1.154239e-01
1.500000,0.700000,0.000000,0.526006,3.233246e-01,1.508143e-01
1.500000,0.800000,0.000000,0.592000,3.679329e-01,1.959192e-01
1.500000,0.900000,0.000000,0.520998,4.009941e-01,2.359672e-01
1.500000,1.000000,0.000000,0.527005,4.608443e-01,3.095999e-01
1.500000,0.001000,0.637009,0.508004,4.384715e-03,3.804874e-05
1.500000,0.002000,0.153019,0.571995,3.950932e-03,3.180992e-05
1.500000,0.003000,0.098006,0.833996,3.573496e-03,2.636222e-05
1.500000,0.004000,0.050016,0.569998,3.263960e-03,2.172396e-05
1.500000,0.005000,0.032005,0.535996,3.018437e-03,1.783074e-05
1.500000,0.006000,0.019023,0.528994,2.847681e-03,1.474912e-05
1.500000,0.007000,0.018010,0.540003,2.751000e-03,1.250424e-05
1.500000,0.008000,0.015016,0.606994,2.711501e-03,1.096453e-05
1.500000,0.009000,0.013021,0.534974,2.738297e-03,1.022264e-05
1.500000,0.010000,0.010028,0.552977,2.820744e-03,1.026347e-05
1.500000,0.020000,0.002003,0.557996,6.242601e-03,5.372038e-05
1.500000,0.030000,0.001005,0.616997,1.149265e-02,1.744084e-04
1.500000,0.040000,0.001001,0.537996,1.676213e-02,3.723086e-04
1.500000,0.050000,0.001000,0.537004,2.201027e-02,6.459825e-04
1.500000,0.060000,0.000995,0.533006,2.721760e-02,9.934220e-04
1.500000,0.070000,0.001004,0.615998,3.244231e-02,1.417461e-03
1.500000,0.080000,0.001002,0.528996,3.765267e-02,1.916142e-03
1.500000,0.090000,0.001001,0.538997,4.267034e-02,2.471101e-03
1.500000,0.100000,0.001002,0.535998,4.799466e-02,3.130545e-03
1.500000,0.200000,0.000000,0.615000,9.860769e-02,1.343269e-02
1.500000,0.300000,0.000997,0.525998,1.460919e-01,2.989609e-02
1.500000,0.400000,0.000000,0.525998,1.952087e-01,5.361011e-02
1.500000,0.500000,0.001016,0.610000,2.416022e-01,8.271834e-02
1.500000,0.600000,0.000998,0.520999,2.838766e-01,1.154239e-01
1.500000,0.700000,0.000998,0.524005,3.233246e-01,1.508143e-01
1.500000,0.800000,0.000999,0.605999,3.679329e-01,1.959192e-01
1.500000,0.900000,0.000000,0.530005,4.009941e-01,2.359672e-01
1.500000,1.000000,0.000000,0.533002,4.608443e-01,3.095999e-01
1.500000,0.001000,0.656021,0.562001,4.384715e-03,3.804874e-05
1.500000,0.002000,0.168005,0.666001,3.950932e-03,3.180992e-05
1.500000,0.003000,0.131012,0.556994,3.573496e-03,2.636222e-05
1.500000,0.004000,0.049999,0.505998,3.263960e-03,2.172396e-05
1.500000,0.005000,0.032004,0.528998,3.018437e-03,1.783074e-05
1.500000,0.006000,0.023013,0.609001,2.847681e-03,1.474912e-05
1.500000,0.007000,0.016006,0.551003,2.751000e-03,1.250424e-05
1.500000,0.008000,0.015998,0.644994,2.711501e-03,1.096453e-05
1.500000,0.009000,0.032023,0.517996,2.738297e-03,1.022264e-05
1.500000,0.010000,0.009015,0.522986,2.820744e-03,1.026347e-05
1.500000,0.020000,0.002009,0.615993,6.242601e-03,5.372038e-05
1.500000,0.030000,0.002005,0.523999,1.149265e-02,1.744084e-04
1.500000,0.040000,0.001006,0.516993,1.676213e-02,3.723086e-04
1.500000,0.050000,0.000996,0.526002,2.201027e-02,6.459825e-04
1.500000,0.060000,0.000999,0.522003,2.721760e-02,9.934220e-04
1.500000,0.070000,0.001002,0.532003,3.244231e-02,1.417461e-03
1.500000,0.080000,0.000997,0.525999,3.765267e-02,1.916142e-03
1.500000,0.090000,0.000999,0.534000,4.267034e-02,2.471101e-03
1.500000,0.100000,0.001000,0.602001,4.799466e-02,3.130545e-03
1.500000,0.200000,0.001004,0.563999,9.860769e-02,1.343269e-02
1.500000,0.300000,0.001003,0.554996,1.460919e-01,2.989609e-02
1.500000,0.400000,0.000000,0.614005,1.952087e-01,5.361011e-02
1.500000,0.500000,0.000000,0.577994,2.416022e-01,8.271834e-02
1.500000,0.600000,0.000000,0.699998,2.838766e-01,1.154239e-01
1.500000,0.700000,0.000000,0.560999,3.233246e-01,1.508143e-01
1.500000,0.800000,0.000000,0.564005,3.679329e-01,1.959192e-01
1.500000,0.900000,0.000998,0.653002,4.009941e-01,2.359672e-01
1.500000,1.000000,0.000993,0.540999,4.608443e-01,3.095999e-01
1.500000,0.001000,0.622029,0.548002,4.384715e-03,3.804874e-05
1.500000,0.002000,0.285016,0.623000,3.950932e-03,3.180992e-05
1.500000,0.003000,0.082010,0.520998,3.573496e-03,2.636222e-05
1.500000,0.004000,0.054013,0.505995,3.263960e-03,2.172396e-05
1.500000,0.005000,0.033017,0.518986,3.018437e-03,1.783074e-05
1.500000,0.006000,0.023005,0.525004,2.847681e-03,1.474912e-05
1.500000,0.007000,0.015003,0.601001,2.751000e-03,1.250424e-05
1.500000,0.008000,0.014002,0.529992,2.711501e-03,1.096453e-05
1.500000,0.009000,0.013013,0.537989,2.738297e-03,1.022264e-05
1.500000,0.010000,0.012001,0.523989,2.820744e-03,1.026347e-05
1.500000,0.020000,0.003014,0.535989,6.242601e-03,5.372038e-05
1.500000,0.030000,0.002007,0.612995,1.149265e-02,1.744084e-04
1.500000,0.040000,0.001002,0.532998,1.676213e-02,3.723086e-04
1.500000,0.050000,0.001999,0.571001,2.201027e-02,6.459825e-04
1.500000,0.060000,0.001000,0.518997,2.721760e-02,9.934220e-04
1.500000,0.070000,0.002001,0.616001,3.244231e-02,1.417461e-03
1.500000,0.080000,0.002002,0.535001,3.765267e-02,1.916142e-03
1.500000,0.090000,0.001001,0.541000,4.267034e-02,2.471101e-03
1.500000,0.100000,0.001001,0.623003,4.799466e-02,3.130545e-03
1.500000,0.200000,0.000000,0.542005,9.860769e-02,1.343269e-02
1.500000,0.300000,0.000000,0.531998,1.460919e-01,2.989609e-02
1.500000,0.400000,0.000997,0.535001,1.952087e-01,5.361011e-02
1.500000,0.500000,0.000000,0.563994,2.416022e-01,8.271834e-02
1.500000,0.600000,0.000000,0.536002,2.838766e-01,1.154239e-01
1.500000,0.700000,0.000000,0.629001,3.233246e-01,1.508143e-01
1.500000,0.800000,0.001014,0.757006,3.679329e-01,1.959192e-01
1.500000,0.900000,0.000000,0.757008,4.009941e-01,2.359672e-01
1.500000,1.000000,0.001000,1.057991,4.608443e-01,3.095999e-01
1.500000,0.001000,0.619023,0.510000,4.384715e-03,3.804874e-05
1.500000,0.002000,0.227000,0.735987,3.950932e-03,3.180992e-05
1.500000,0.003000,0.086025,0.520003,3.573496e-03,2.636222e-05
1.500000,0.004000,0.052000,0.552006,3.263960e-03,2.172396e-05
1.500000,0.005000,0.031004,0.676994,3.018437e-03,1.783074e-05
1.500000,0.006000,0.032014,0.548993,2.847681e-03,1.474912e-05
1.500000,0.007000,0.019014,0.578997,2.751000e-03,1.250424e-05
1.500000,0.008000,0.014008,0.544994,2.711501e-03,1.096453e-05
1.500000,0.009000,0.012007,0.733995,2.738297e-03,1.022264e-05
1.500000,0.010000,0.008012,0.540995,2.820744e-03,1.026347e-05
1.500000,0.020000,0.003010,0.527995,6.242601e-03,5.372038e-05
1.500000,0.030000,0.001009,0.531999,1.149265e-02,1.744084e-04
1.500000,0.040000,0.001003,0.544003,1.676213e-02,3.723086e-04
1.500000,0.050000,0.001003,0.532000,2.201027e-02,6.459825e-04
1.500000,0.060000,0.001007,0.540989,2.721760e-02,9.934220e-04
1.500000,0.070000,0.000999,0.544004,3.244231e-02,1.417461e-03
1.500000,0.080000,0.001000,0.612996,3.765267e-02,1.916142e-03
1.500000,0.090000,0.001006,0.540994,4.267034e-02,2.471101e-03
1.500000,0.100000,0.000000,0.537997,4.799466e-02,3.130545e-03
1.500000,0.200000,0.000995,0.576002,9.860769e-02,1.343269e-02
1.500000,0.300000,0.001006,0.622995,1.460919e-01,2.989609e-02
1.500000,0.400000,0.000000,0.536002,1.952087e-01,5.361011e-02
1.500000,0.500000,0.000000,0.587021,2.416022e-01,8.271834e-02
1.500000,0.600000,0.000000,0.629002,2.838766e-01,1.154239e-01
1.500000,0.700000,0.000000,0.619002,3.233246e-01,1.508143e-01
1.500000,0.800000,0.000000,0.525994,3.679329e-01,1.959192e-01
1.500000,0.900000,0.000000,0.612997,4.009941e-01,2.359672e-01
1.500000,1.000000,0.000000,0.546003,4.608443e-01,3.095999e-01
1.500000,0.001000,0.636024,0.632001,4.384715e-03,3.804874e-05
1.500000,0.002000,0.174008,0.753995,3.950932e-03,3.180992e-05
1.500000,0.003000,0.092012,0.513002,3.573496e-03,2.636222e-05
1.500000,0.004000,0.059005,0.520005,3.263960e-03,2.172396e-05
1.500000,0.005000,0.039015,0.525005,3.018437e-03,1.783074e-05
1.500000,0.006000,0.024019,0.620996,2.847681e-03,1.474912e-05
1.500000,0.007000,0.018010,0.537992,2.751000e-03,1.250424e-05
1.500000,0.008000,0.014003,0.530000,2.711501e-03,1.096453e-05
1.500000,0.009000,0.012010,0.532999,2.738297e-03,1.022264e-05
1.500000,0.010000,0.009009,0.593002,2.820744e-03,1.026347e-05
1.500000,0.020000,0.004013,0.548994,6.242601e-03,5.372038e-05
1.500000,0.030000,0.001004,0.666997,1.149265e-02,1.744084e-04
1.500000,0.040000,0.001001,0.570997,1.676213e-02,3.723086e-04
1.500000,0.050000,0.000998,0.739001,2.201027e-02,6.459825e-04
1.500000,0.060000,0.000993,0.588996,2.721760e-02,9.934220e-04
1.500000,0.070000,0.001002,0.608999,3.244231e-02,1.417461e-03
1.500000,0.080000,0.001002,0.643001,3.765267e-02,1.916142e-03
1.500000,0.090000,0.001001,0.692999,4.267034e-02,2.471101e-03
1.500000,0.100000,0.000999,0.591016,4.799466e-02,3.130545e-03
1.500000,0.200000,0.001001,0.625999,9.860769e-02,1.343269e-02
1.500000,0.300000,0.000997,0.597015,1.460919e-01,2.989609e-02
1.500000,0.400000,0.001002,0.627997,1.952087e-01,5.361011e-02
1.500000,0.500000,0.000000,0.542994,2.416022e-01,8.271834e-02
1.500000,0.600000,0.000000,0.529997,2.838766e-01,1.154239e-01
1.500000,0.700000,0.000000,0.632004,3.233246e-01,1.508143e-01
1.500000,0.800000,0.000999,0.619002,3.679329e-01,1.959192e-01
1.500000,0.900000,0.000000,0.687997,4.009941e-01,2.359672e-01
1.500000,1.000000,0.000999,0.882012,4.608443e-01,3.095999e-01
